prefix = 
suffix = _
top_lines = 466, 497
lines:
23, 68
24, 69
26, 71
28, 73
62, 84
68, 90
69, 91
72, 94
73, 95
74, 96
76, 98
77, 99
79, 101
80, 102
81, 103
84, 106
87, 109
88, 110
89, 111
90, 112
95, 117
96, 120
97, 121
99, 123
101, 125
104, 128
105, 129
106, 130
108, 132
109, 133
114, 138
115, 139
116, 140
121, 145
124, 148
125, 149
126, 150
128, 152
133, 157
134, 158
135, 159
136, 161
138, 163
139, 164
141, 166
142, 169
147, 174
148, 175
149, 176
154, 181
155, 182
158, 185
159, 186
160, 187
162, 189
165, 192
177, 203
179, 205
180, 206
181, 207
183, 209
184, 210
185, 211
186, 212
192, 218
193, 219
195, 221
196, 222
197, 223
198, 224
199, 225
200, 226
205, 231
206, 234
208, 236
209, 237
215, 243
216, 244
218, 246
220, 248
221, 249
222, 250
223, 251
224, 252
225, 253
227, 255
228, 256
231, 259
232, 260
234, 262
236, 264
238, 266
239, 267
240, 268
241, 269
242, 270
245, 273
246, 274
247, 275
249, 277
252, 280
254, 282
256, 284
257, 285
259, 287
261, 289
267, 295
268, 296
270, 298
271, 299
272, 300
275, 303
280, 308
285, 313
290, 318
298, 326
299, 329
301, 331
302, 332
304, 334
305, 335
309, 339
317, 348
318, 349
320, 351
324, 355
325, 356
326, 357
328, 359
332, 363
333, 364
334, 365
343, 374
344, 375
346, 377
347, 378
348, 379
350, 381
354, 385
355, 386
356, 387
358, 389
359, 390
361, 392
362, 393
364, 395
369, 400
372, 403
374, 405
375, 406
376, 407
377, 408
379, 410
380, 411
381, 412
383, 414
384, 415
387, 418
388, 419
389, 420
390, 421
392, 423
397, 428
403, 434
404, 435
405, 436
406, 437
408, 439
409, 440
411, 442
412, 443
414, 445
415, 446
416, 447
419, 450
422, 453
433, 464
444, 475
455, 486
462, 493
463, 494
465, 496
466, 497
