prefix = 
suffix = _
top_lines = 134, 155
lines:
8, 35
9, 36
14, 41
15, 42
16, 43
17, 44
18, 45
19, 46
21, 48
22, 49
24, 51
25, 52
26, 53
28, 55
29, 56
31, 58
32, 59
33, 60
38, 65
39, 66
40, 67
44, 71
45, 72
50, 77
51, 78
52, 79
55, 82
56, 83
57, 84
58, 85
59, 86
60, 87
62, 89
81, 100
82, 101
83, 102
84, 103
89, 108
90, 109
92, 111
98, 117
100, 119
101, 120
103, 122
107, 126
110, 131
111, 132
113, 134
115, 136
117, 138
118, 139
120, 141
125, 146
126, 147
127, 148
128, 149
130, 151
131, 152
132, 153
134, 155
