prefix = 
suffix = _
top_lines = 470, 501
lines:
23, 68
24, 69
26, 71
28, 73
62, 84
68, 90
69, 91
72, 94
73, 95
74, 96
76, 98
77, 99
79, 101
80, 102
81, 103
84, 106
87, 109
88, 110
89, 111
90, 112
95, 117
96, 120
97, 121
99, 123
101, 125
104, 128
105, 129
106, 130
108, 132
109, 133
114, 138
115, 139
116, 140
121, 145
122, 146
125, 149
126, 150
127, 151
129, 153
135, 159
136, 160
137, 161
138, 162
139, 164
141, 166
142, 167
144, 169
145, 172
151, 178
152, 179
153, 180
158, 185
159, 186
162, 189
163, 190
164, 191
166, 193
169, 196
181, 207
183, 209
184, 210
185, 211
187, 213
188, 214
189, 215
190, 216
196, 222
197, 223
199, 225
200, 226
201, 227
202, 228
203, 229
204, 230
209, 235
210, 238
212, 240
213, 241
219, 247
220, 248
222, 250
224, 252
225, 253
226, 254
227, 255
228, 256
229, 257
231, 259
232, 260
235, 263
236, 264
238, 266
240, 268
242, 270
243, 271
244, 272
245, 273
246, 274
249, 277
250, 278
251, 279
253, 281
256, 284
258, 286
260, 288
261, 289
263, 291
265, 293
271, 299
272, 300
274, 302
275, 303
276, 304
279, 307
284, 312
289, 317
294, 322
302, 330
303, 333
305, 335
306, 336
308, 338
309, 339
313, 343
321, 352
322, 353
324, 355
328, 359
329, 360
330, 361
332, 363
336, 367
337, 368
338, 369
347, 378
348, 379
350, 381
351, 382
352, 383
354, 385
358, 389
359, 390
360, 391
362, 393
363, 394
365, 396
366, 397
368, 399
373, 404
376, 407
378, 409
379, 410
380, 411
381, 412
383, 414
384, 415
385, 416
387, 418
388, 419
391, 422
392, 423
393, 424
394, 425
396, 427
401, 432
407, 438
408, 439
409, 440
410, 441
412, 443
413, 444
415, 446
416, 447
418, 449
419, 450
420, 451
423, 454
426, 457
437, 468
448, 479
459, 490
466, 497
467, 498
469, 500
470, 501
